Sprat Sandeel N.pout Herring Dab Whiting Sole Gurnard Plaice Haddock Cod Saithe
1950 8.14504927442206 8.14504927442206 8.14504927442206 8.14504927442206 8.14504927442206 8.14504927442206 8.14504927442206 8.14504927442206 8.14504927442206 8.14504927442206 8.14504927442206 8.14504927442206
1951 9.05305089206068 9.05305089206068 9.05305089206068 9.05305089206068 9.05305089206068 9.05305089206068 9.05305089206068 9.05305089206068 9.05305089206068 9.05305089206068 9.05305089206068 9.05305089206068
1952 8.57084770547923 8.57084770547923 8.57084770547923 8.57084770547923 8.57084770547923 8.57084770547923 8.57084770547923 8.57084770547923 8.57084770547923 8.57084770547923 8.57084770547923 8.57084770547923
1953 8.37640288982727 8.37640288982727 8.37640288982727 8.37640288982727 8.37640288982727 8.37640288982727 8.37640288982727 8.37640288982727 8.37640288982727 8.37640288982727 8.37640288982727 8.37640288982727
1954 9.13294230602271 9.13294230602271 9.13294230602271 9.13294230602271 9.13294230602271 9.13294230602271 9.13294230602271 9.13294230602271 9.13294230602271 9.13294230602271 9.13294230602271 9.13294230602271
1955 8.45513597608601 8.45513597608601 8.45513597608601 8.45513597608601 8.45513597608601 8.45513597608601 8.45513597608601 8.45513597608601 8.45513597608601 8.45513597608601 8.45513597608601 8.45513597608601
1956 8.67058077645112 8.67058077645112 8.67058077645112 8.67058077645112 8.67058077645112 8.67058077645112 8.67058077645112 8.67058077645112 8.67058077645112 8.67058077645112 8.67058077645112 8.67058077645112
1957 8.23861560381778 8.23861560381778 8.23861560381778 8.23861560381778 8.23861560381778 8.23861560381778 8.23861560381778 8.23861560381778 8.23861560381778 8.23861560381778 8.23861560381778 8.23861560381778
1958 8.77784415711973 8.77784415711973 8.77784415711973 8.77784415711973 8.77784415711973 8.77784415711973 8.77784415711973 8.77784415711973 8.77784415711973 8.77784415711973 8.77784415711973 8.77784415711973
1959 9.5150470086982 9.5150470086982 9.5150470086982 9.5150470086982 9.5150470086982 9.5150470086982 9.5150470086982 9.5150470086982 9.5150470086982 9.5150470086982 9.5150470086982 9.5150470086982
1960 9.10126156227643 9.10126156227643 9.10126156227643 9.10126156227643 9.10126156227643 9.10126156227643 9.10126156227643 9.10126156227643 9.10126156227643 9.10126156227643 9.10126156227643 9.10126156227643
1961 9.01795491387239 9.01795491387239 9.01795491387239 9.01795491387239 9.01795491387239 9.01795491387239 9.01795491387239 9.01795491387239 9.01795491387239 9.01795491387239 9.01795491387239 9.01795491387239
1962 8.54203635691772 8.54203635691772 8.54203635691772 8.54203635691772 8.54203635691772 8.54203635691772 8.54203635691772 8.54203635691772 8.54203635691772 8.54203635691772 8.54203635691772 8.54203635691772
1963 9.30121121918988 9.30121121918988 9.30121121918988 9.30121121918988 9.30121121918988 9.30121121918988 9.30121121918988 9.30121121918988 9.30121121918988 9.30121121918988 9.30121121918988 9.30121121918988
1964 8.60975424996344 8.60975424996344 8.60975424996344 8.60975424996344 8.60975424996344 8.60975424996344 8.60975424996344 8.60975424996344 8.60975424996344 8.60975424996344 8.60975424996344 8.60975424996344
1965 8.23309784499156 8.23309784499156 8.23309784499156 8.23309784499156 8.23309784499156 8.23309784499156 8.23309784499156 8.23309784499156 8.23309784499156 8.23309784499156 8.23309784499156 8.23309784499156
1966 8.63858491312381 8.63858491312381 8.63858491312381 8.63858491312381 8.63858491312381 8.63858491312381 8.63858491312381 8.63858491312381 8.63858491312381 8.63858491312381 8.63858491312381 8.63858491312381
1967 9.23988407078365 9.23988407078365 9.23988407078365 9.23988407078365 9.23988407078365 9.23988407078365 9.23988407078365 9.23988407078365 9.23988407078365 9.23988407078365 9.23988407078365 9.23988407078365
1968 9.68898232248816 9.68898232248816 9.68898232248816 9.68898232248816 9.68898232248816 9.68898232248816 9.68898232248816 9.68898232248816 9.68898232248816 9.68898232248816 9.68898232248816 9.68898232248816
1969 9.0507712037091 9.0507712037091 9.0507712037091 9.0507712037091 9.0507712037091 9.0507712037091 9.0507712037091 9.0507712037091 9.0507712037091 9.0507712037091 9.0507712037091 9.0507712037091
1970 8.12914239802597 8.12914239802597 8.12914239802597 8.12914239802597 8.12914239802597 8.12914239802597 8.12914239802597 8.12914239802597 8.12914239802597 8.12914239802597 8.12914239802597 8.12914239802597
1971 8.03702639010621 8.03702639010621 8.03702639010621 8.03702639010621 8.03702639010621 8.03702639010621 8.03702639010621 8.03702639010621 8.03702639010621 8.03702639010621 8.03702639010621 8.03702639010621
1972 9.01336576508914 9.01336576508914 9.01336576508914 9.01336576508914 9.01336576508914 9.01336576508914 9.01336576508914 9.01336576508914 9.01336576508914 9.01336576508914 9.01336576508914 9.01336576508914
1973 8.39784204285987 8.39784204285987 8.39784204285987 8.39784204285987 8.39784204285987 8.39784204285987 8.39784204285987 8.39784204285987 8.39784204285987 8.39784204285987 8.39784204285987 8.39784204285987
1974 8.97004684907347 8.97004684907347 8.97004684907347 8.97004684907347 8.97004684907347 8.97004684907347 8.97004684907347 8.97004684907347 8.97004684907347 8.97004684907347 8.97004684907347 8.97004684907347
1975 8.74675873342083 8.74675873342083 8.74675873342083 8.74675873342083 8.74675873342083 8.74675873342083 8.74675873342083 8.74675873342083 8.74675873342083 8.74675873342083 8.74675873342083 8.74675873342083
1976 8.47580960515358 8.47580960515358 8.47580960515358 8.47580960515358 8.47580960515358 8.47580960515358 8.47580960515358 8.47580960515358 8.47580960515358 8.47580960515358 8.47580960515358 8.47580960515358
1977 7.78446615755789 7.78446615755789 7.78446615755789 7.78446615755789 7.78446615755789 7.78446615755789 7.78446615755789 7.78446615755789 7.78446615755789 7.78446615755789 7.78446615755789 7.78446615755789
1978 7.39452205934882 7.39452205934882 7.39452205934882 7.39452205934882 7.39452205934882 7.39452205934882 7.39452205934882 7.39452205934882 7.39452205934882 7.39452205934882 7.39452205934882 7.39452205934882
1979 7.46203151207751 7.46203151207751 7.46203151207751 7.46203151207751 7.46203151207751 7.46203151207751 7.46203151207751 7.46203151207751 7.46203151207751 7.46203151207751 7.46203151207751 7.46203151207751
1980 8.28891235693543 8.28891235693543 8.28891235693543 8.28891235693543 8.28891235693543 8.28891235693543 8.28891235693543 8.28891235693543 8.28891235693543 8.28891235693543 8.28891235693543 8.28891235693543
1981 7.81530291180463 7.81530291180463 7.81530291180463 7.81530291180463 7.81530291180463 7.81530291180463 7.81530291180463 7.81530291180463 7.81530291180463 7.81530291180463 7.81530291180463 7.81530291180463
1982 7.85569101267669 7.85569101267669 7.85569101267669 7.85569101267669 7.85569101267669 7.85569101267669 7.85569101267669 7.85569101267669 7.85569101267669 7.85569101267669 7.85569101267669 7.85569101267669
1983 8.99137305310151 8.99137305310151 8.99137305310151 8.99137305310151 8.99137305310151 8.99137305310151 8.99137305310151 8.99137305310151 8.99137305310151 8.99137305310151 8.99137305310151 8.99137305310151
1984 9.0855077968862 9.0855077968862 9.0855077968862 9.0855077968862 9.0855077968862 9.0855077968862 9.0855077968862 9.0855077968862 9.0855077968862 9.0855077968862 9.0855077968862 9.0855077968862
1985 9.03806904617123 9.03806904617123 9.03806904617123 9.03806904617123 9.03806904617123 9.03806904617123 9.03806904617123 9.03806904617123 9.03806904617123 9.03806904617123 9.03806904617123 9.03806904617123
1986 8.21983466089447 8.21983466089447 8.21983466089447 8.21983466089447 8.21983466089447 8.21983466089447 8.21983466089447 8.21983466089447 8.21983466089447 8.21983466089447 8.21983466089447 8.21983466089447
1987 9.0357622914671 9.0357622914671 9.0357622914671 9.0357622914671 9.0357622914671 9.0357622914671 9.0357622914671 9.0357622914671 9.0357622914671 9.0357622914671 9.0357622914671 9.0357622914671
1988 8.94535270323582 8.94535270323582 8.94535270323582 8.94535270323582 8.94535270323582 8.94535270323582 8.94535270323582 8.94535270323582 8.94535270323582 8.94535270323582 8.94535270323582 8.94535270323582
1989 8.84670315029825 8.84670315029825 8.84670315029825 8.84670315029825 8.84670315029825 8.84670315029825 8.84670315029825 8.84670315029825 8.84670315029825 8.84670315029825 8.84670315029825 8.84670315029825
1990 8.83960931690844 8.83960931690844 8.83960931690844 8.83960931690844 8.83960931690844 8.83960931690844 8.83960931690844 8.83960931690844 8.83960931690844 8.83960931690844 8.83960931690844 8.83960931690844
1991 8.01800296508386 8.01800296508386 8.01800296508386 8.01800296508386 8.01800296508386 8.01800296508386 8.01800296508386 8.01800296508386 8.01800296508386 8.01800296508386 8.01800296508386 8.01800296508386
1992 8.17271883361503 8.17271883361503 8.17271883361503 8.17271883361503 8.17271883361503 8.17271883361503 8.17271883361503 8.17271883361503 8.17271883361503 8.17271883361503 8.17271883361503 8.17271883361503
1993 8.22223969657036 8.22223969657036 8.22223969657036 8.22223969657036 8.22223969657036 8.22223969657036 8.22223969657036 8.22223969657036 8.22223969657036 8.22223969657036 8.22223969657036 8.22223969657036
1994 7.51552802211796 7.51552802211796 7.51552802211796 7.51552802211796 7.51552802211796 7.51552802211796 7.51552802211796 7.51552802211796 7.51552802211796 7.51552802211796 7.51552802211796 7.51552802211796
1995 8.56019092448734 8.56019092448734 8.56019092448734 8.56019092448734 8.56019092448734 8.56019092448734 8.56019092448734 8.56019092448734 8.56019092448734 8.56019092448734 8.56019092448734 8.56019092448734
1996 8.96165667135678 8.96165667135678 8.96165667135678 8.96165667135678 8.96165667135678 8.96165667135678 8.96165667135678 8.96165667135678 8.96165667135678 8.96165667135678 8.96165667135678 8.96165667135678
1997 8.50658497019491 8.50658497019491 8.50658497019491 8.50658497019491 8.50658497019491 8.50658497019491 8.50658497019491 8.50658497019491 8.50658497019491 8.50658497019491 8.50658497019491 8.50658497019491
1998 9.00867159835935 9.00867159835935 9.00867159835935 9.00867159835935 9.00867159835935 9.00867159835935 9.00867159835935 9.00867159835935 9.00867159835935 9.00867159835935 9.00867159835935 9.00867159835935
1999 9.00366424844412 9.00366424844412 9.00366424844412 9.00366424844412 9.00366424844412 9.00366424844412 9.00366424844412 9.00366424844412 9.00366424844412 9.00366424844412 9.00366424844412 9.00366424844412
2000 9.39190617073195 9.39190617073195 9.39190617073195 9.39190617073195 9.39190617073195 9.39190617073195 9.39190617073195 9.39190617073195 9.39190617073195 9.39190617073195 9.39190617073195 9.39190617073195
2001 9.28862398136018 9.28862398136018 9.28862398136018 9.28862398136018 9.28862398136018 9.28862398136018 9.28862398136018 9.28862398136018 9.28862398136018 9.28862398136018 9.28862398136018 9.28862398136018
2002 8.56334778467236 8.56334778467236 8.56334778467236 8.56334778467236 8.56334778467236 8.56334778467236 8.56334778467236 8.56334778467236 8.56334778467236 8.56334778467236 8.56334778467236 8.56334778467236
2003 8.30666036317136 8.30666036317136 8.30666036317136 8.30666036317136 8.30666036317136 8.30666036317136 8.30666036317136 8.30666036317136 8.30666036317136 8.30666036317136 8.30666036317136 8.30666036317136
2004 8.86369357891489 8.86369357891489 8.86369357891489 8.86369357891489 8.86369357891489 8.86369357891489 8.86369357891489 8.86369357891489 8.86369357891489 8.86369357891489 8.86369357891489 8.86369357891489
2005 9.30451006361183 9.30451006361183 9.30451006361183 9.30451006361183 9.30451006361183 9.30451006361183 9.30451006361183 9.30451006361183 9.30451006361183 9.30451006361183 9.30451006361183 9.30451006361183
2006 9.30881875806354 9.30881875806354 9.30881875806354 9.30881875806354 9.30881875806354 9.30881875806354 9.30881875806354 9.30881875806354 9.30881875806354 9.30881875806354 9.30881875806354 9.30881875806354
2007 9.09338246273556 9.09338246273556 9.09338246273556 9.09338246273556 9.09338246273556 9.09338246273556 9.09338246273556 9.09338246273556 9.09338246273556 9.09338246273556 9.09338246273556 9.09338246273556
2008 9.44246801412076 9.44246801412076 9.44246801412076 9.44246801412076 9.44246801412076 9.44246801412076 9.44246801412076 9.44246801412076 9.44246801412076 9.44246801412076 9.44246801412076 9.44246801412076
2009 8.82142605764634 8.82142605764634 8.82142605764634 8.82142605764634 8.82142605764634 8.82142605764634 8.82142605764634 8.82142605764634 8.82142605764634 8.82142605764634 8.82142605764634 8.82142605764634
2010 8.65782473032155 8.65782473032155 8.65782473032155 8.65782473032155 8.65782473032155 8.65782473032155 8.65782473032155 8.65782473032155 8.65782473032155 8.65782473032155 8.65782473032155 8.65782473032155
2011 9.29763828543461 9.29763828543461 9.29763828543461 9.29763828543461 9.29763828543461 9.29763828543461 9.29763828543461 9.29763828543461 9.29763828543461 9.29763828543461 9.29763828543461 9.29763828543461
2012 9.07692166457858 9.07692166457858 9.07692166457858 9.07692166457858 9.07692166457858 9.07692166457858 9.07692166457858 9.07692166457858 9.07692166457858 9.07692166457858 9.07692166457858 9.07692166457858
2013 9.73034248468082 9.73034248468082 9.73034248468082 9.73034248468082 9.73034248468082 9.73034248468082 9.73034248468082 9.73034248468082 9.73034248468082 9.73034248468082 9.73034248468082 9.73034248468082
2014 8.82620366179613 8.82620366179613 8.82620366179613 8.82620366179613 8.82620366179613 8.82620366179613 8.82620366179613 8.82620366179613 8.82620366179613 8.82620366179613 8.82620366179613 8.82620366179613
2015 8.886249814758 8.886249814758 8.886249814758 8.886249814758 8.886249814758 8.886249814758 8.886249814758 8.886249814758 8.886249814758 8.886249814758 8.886249814758 8.886249814758
2016 7.65311310701486 7.65311310701486 7.65311310701486 7.65311310701486 7.65311310701486 7.65311310701486 7.65311310701486 7.65311310701486 7.65311310701486 7.65311310701486 7.65311310701486 7.65311310701486
2017 8.75418329884721 8.75418329884721 8.75418329884721 8.75418329884721 8.75418329884721 8.75418329884721 8.75418329884721 8.75418329884721 8.75418329884721 8.75418329884721 8.75418329884721 8.75418329884721
2018 8.86652918295658 8.86652918295658 8.86652918295658 8.86652918295658 8.86652918295658 8.86652918295658 8.86652918295658 8.86652918295658 8.86652918295658 8.86652918295658 8.86652918295658 8.86652918295658
2019 8.38469228500859 8.38469228500859 8.38469228500859 8.38469228500859 8.38469228500859 8.38469228500859 8.38469228500859 8.38469228500859 8.38469228500859 8.38469228500859 8.38469228500859 8.38469228500859
2020 9.52324346080999 9.52324346080999 9.52324346080999 9.52324346080999 9.52324346080999 9.52324346080999 9.52324346080999 9.52324346080999 9.52324346080999 9.52324346080999 9.52324346080999 9.52324346080999
2021 9.10261384794578 9.10261384794578 9.10261384794578 9.10261384794578 9.10261384794578 9.10261384794578 9.10261384794578 9.10261384794578 9.10261384794578 9.10261384794578 9.10261384794578 9.10261384794578
2022 9.49844623296067 9.49844623296067 9.49844623296067 9.49844623296067 9.49844623296067 9.49844623296067 9.49844623296067 9.49844623296067 9.49844623296067 9.49844623296067 9.49844623296067 9.49844623296067
2023 9.42880625733524 9.42880625733524 9.42880625733524 9.42880625733524 9.42880625733524 9.42880625733524 9.42880625733524 9.42880625733524 9.42880625733524 9.42880625733524 9.42880625733524 9.42880625733524
2024 8.82065606749036 8.82065606749036 8.82065606749036 8.82065606749036 8.82065606749036 8.82065606749036 8.82065606749036 8.82065606749036 8.82065606749036 8.82065606749036 8.82065606749036 8.82065606749036
2025 8.61073782802595 8.61073782802595 8.61073782802595 8.61073782802595 8.61073782802595 8.61073782802595 8.61073782802595 8.61073782802595 8.61073782802595 8.61073782802595 8.61073782802595 8.61073782802595
2026 9.01195151008675 9.01195151008675 9.01195151008675 9.01195151008675 9.01195151008675 9.01195151008675 9.01195151008675 9.01195151008675 9.01195151008675 9.01195151008675 9.01195151008675 9.01195151008675
2027 9.24916412128144 9.24916412128144 9.24916412128144 9.24916412128144 9.24916412128144 9.24916412128144 9.24916412128144 9.24916412128144 9.24916412128144 9.24916412128144 9.24916412128144 9.24916412128144
2028 8.80087156262016 8.80087156262016 8.80087156262016 8.80087156262016 8.80087156262016 8.80087156262016 8.80087156262016 8.80087156262016 8.80087156262016 8.80087156262016 8.80087156262016 8.80087156262016
2029 8.99823956813365 8.99823956813365 8.99823956813365 8.99823956813365 8.99823956813365 8.99823956813365 8.99823956813365 8.99823956813365 8.99823956813365 8.99823956813365 8.99823956813365 8.99823956813365
2030 9.09455399020183 9.09455399020183 9.09455399020183 9.09455399020183 9.09455399020183 9.09455399020183 9.09455399020183 9.09455399020183 9.09455399020183 9.09455399020183 9.09455399020183 9.09455399020183
2031 9.23461206027326 9.23461206027326 9.23461206027326 9.23461206027326 9.23461206027326 9.23461206027326 9.23461206027326 9.23461206027326 9.23461206027326 9.23461206027326 9.23461206027326 9.23461206027326
2032 9.20548296740704 9.20548296740704 9.20548296740704 9.20548296740704 9.20548296740704 9.20548296740704 9.20548296740704 9.20548296740704 9.20548296740704 9.20548296740704 9.20548296740704 9.20548296740704
2033 8.79344194503652 8.79344194503652 8.79344194503652 8.79344194503652 8.79344194503652 8.79344194503652 8.79344194503652 8.79344194503652 8.79344194503652 8.79344194503652 8.79344194503652 8.79344194503652
2034 8.93871716643707 8.93871716643707 8.93871716643707 8.93871716643707 8.93871716643707 8.93871716643707 8.93871716643707 8.93871716643707 8.93871716643707 8.93871716643707 8.93871716643707 8.93871716643707
2035 9.30889352523501 9.30889352523501 9.30889352523501 9.30889352523501 9.30889352523501 9.30889352523501 9.30889352523501 9.30889352523501 9.30889352523501 9.30889352523501 9.30889352523501 9.30889352523501
2036 9.81936605755378 9.81936605755378 9.81936605755378 9.81936605755378 9.81936605755378 9.81936605755378 9.81936605755378 9.81936605755378 9.81936605755378 9.81936605755378 9.81936605755378 9.81936605755378
2037 10.0348045641671 10.0348045641671 10.0348045641671 10.0348045641671 10.0348045641671 10.0348045641671 10.0348045641671 10.0348045641671 10.0348045641671 10.0348045641671 10.0348045641671 10.0348045641671
2038 9.4862121218078 9.4862121218078 9.4862121218078 9.4862121218078 9.4862121218078 9.4862121218078 9.4862121218078 9.4862121218078 9.4862121218078 9.4862121218078 9.4862121218078 9.4862121218078
2039 9.11705553700228 9.11705553700228 9.11705553700228 9.11705553700228 9.11705553700228 9.11705553700228 9.11705553700228 9.11705553700228 9.11705553700228 9.11705553700228 9.11705553700228 9.11705553700228
2040 9.48230565498494 9.48230565498494 9.48230565498494 9.48230565498494 9.48230565498494 9.48230565498494 9.48230565498494 9.48230565498494 9.48230565498494 9.48230565498494 9.48230565498494 9.48230565498494
2041 9.53799535993744 9.53799535993744 9.53799535993744 9.53799535993744 9.53799535993744 9.53799535993744 9.53799535993744 9.53799535993744 9.53799535993744 9.53799535993744 9.53799535993744 9.53799535993744
2042 9.22961458320871 9.22961458320871 9.22961458320871 9.22961458320871 9.22961458320871 9.22961458320871 9.22961458320871 9.22961458320871 9.22961458320871 9.22961458320871 9.22961458320871 9.22961458320871
2043 9.82827797214936 9.82827797214936 9.82827797214936 9.82827797214936 9.82827797214936 9.82827797214936 9.82827797214936 9.82827797214936 9.82827797214936 9.82827797214936 9.82827797214936 9.82827797214936
2044 9.42555705338918 9.42555705338918 9.42555705338918 9.42555705338918 9.42555705338918 9.42555705338918 9.42555705338918 9.42555705338918 9.42555705338918 9.42555705338918 9.42555705338918 9.42555705338918
2045 9.59173281976886 9.59173281976886 9.59173281976886 9.59173281976886 9.59173281976886 9.59173281976886 9.59173281976886 9.59173281976886 9.59173281976886 9.59173281976886 9.59173281976886 9.59173281976886
2046 9.64923439808123 9.64923439808123 9.64923439808123 9.64923439808123 9.64923439808123 9.64923439808123 9.64923439808123 9.64923439808123 9.64923439808123 9.64923439808123 9.64923439808123 9.64923439808123
2047 9.73754525942907 9.73754525942907 9.73754525942907 9.73754525942907 9.73754525942907 9.73754525942907 9.73754525942907 9.73754525942907 9.73754525942907 9.73754525942907 9.73754525942907 9.73754525942907
2048 9.76314301376454 9.76314301376454 9.76314301376454 9.76314301376454 9.76314301376454 9.76314301376454 9.76314301376454 9.76314301376454 9.76314301376454 9.76314301376454 9.76314301376454 9.76314301376454
2049 9.66540678827998 9.66540678827998 9.66540678827998 9.66540678827998 9.66540678827998 9.66540678827998 9.66540678827998 9.66540678827998 9.66540678827998 9.66540678827998 9.66540678827998 9.66540678827998
2050 9.87012435829183 9.87012435829183 9.87012435829183 9.87012435829183 9.87012435829183 9.87012435829183 9.87012435829183 9.87012435829183 9.87012435829183 9.87012435829183 9.87012435829183 9.87012435829183
2051 9.83645773726013 9.83645773726013 9.83645773726013 9.83645773726013 9.83645773726013 9.83645773726013 9.83645773726013 9.83645773726013 9.83645773726013 9.83645773726013 9.83645773726013 9.83645773726013
2052 9.77420437796239 9.77420437796239 9.77420437796239 9.77420437796239 9.77420437796239 9.77420437796239 9.77420437796239 9.77420437796239 9.77420437796239 9.77420437796239 9.77420437796239 9.77420437796239
2053 9.93391536408952 9.93391536408952 9.93391536408952 9.93391536408952 9.93391536408952 9.93391536408952 9.93391536408952 9.93391536408952 9.93391536408952 9.93391536408952 9.93391536408952 9.93391536408952
2054 9.67047950611858 9.67047950611858 9.67047950611858 9.67047950611858 9.67047950611858 9.67047950611858 9.67047950611858 9.67047950611858 9.67047950611858 9.67047950611858 9.67047950611858 9.67047950611858
2055 9.92334037588707 9.92334037588707 9.92334037588707 9.92334037588707 9.92334037588707 9.92334037588707 9.92334037588707 9.92334037588707 9.92334037588707 9.92334037588707 9.92334037588707 9.92334037588707
2056 9.49787938202512 9.49787938202512 9.49787938202512 9.49787938202512 9.49787938202512 9.49787938202512 9.49787938202512 9.49787938202512 9.49787938202512 9.49787938202512 9.49787938202512 9.49787938202512
2057 9.91428958354071 9.91428958354071 9.91428958354071 9.91428958354071 9.91428958354071 9.91428958354071 9.91428958354071 9.91428958354071 9.91428958354071 9.91428958354071 9.91428958354071 9.91428958354071
2058 9.51988920888817 9.51988920888817 9.51988920888817 9.51988920888817 9.51988920888817 9.51988920888817 9.51988920888817 9.51988920888817 9.51988920888817 9.51988920888817 9.51988920888817 9.51988920888817
2059 10.3105943253629 10.3105943253629 10.3105943253629 10.3105943253629 10.3105943253629 10.3105943253629 10.3105943253629 10.3105943253629 10.3105943253629 10.3105943253629 10.3105943253629 10.3105943253629
2060 10.4571347785614 10.4571347785614 10.4571347785614 10.4571347785614 10.4571347785614 10.4571347785614 10.4571347785614 10.4571347785614 10.4571347785614 10.4571347785614 10.4571347785614 10.4571347785614
2061 9.5959115045731 9.5959115045731 9.5959115045731 9.5959115045731 9.5959115045731 9.5959115045731 9.5959115045731 9.5959115045731 9.5959115045731 9.5959115045731 9.5959115045731 9.5959115045731
2062 10.0892347043404 10.0892347043404 10.0892347043404 10.0892347043404 10.0892347043404 10.0892347043404 10.0892347043404 10.0892347043404 10.0892347043404 10.0892347043404 10.0892347043404 10.0892347043404
2063 10.5771888670967 10.5771888670967 10.5771888670967 10.5771888670967 10.5771888670967 10.5771888670967 10.5771888670967 10.5771888670967 10.5771888670967 10.5771888670967 10.5771888670967 10.5771888670967
2064 9.48340631561815 9.48340631561815 9.48340631561815 9.48340631561815 9.48340631561815 9.48340631561815 9.48340631561815 9.48340631561815 9.48340631561815 9.48340631561815 9.48340631561815 9.48340631561815
2065 10.2359670076942 10.2359670076942 10.2359670076942 10.2359670076942 10.2359670076942 10.2359670076942 10.2359670076942 10.2359670076942 10.2359670076942 10.2359670076942 10.2359670076942 10.2359670076942
2066 10.1210865019589 10.1210865019589 10.1210865019589 10.1210865019589 10.1210865019589 10.1210865019589 10.1210865019589 10.1210865019589 10.1210865019589 10.1210865019589 10.1210865019589 10.1210865019589
2067 10.009571765272 10.009571765272 10.009571765272 10.009571765272 10.009571765272 10.009571765272 10.009571765272 10.009571765272 10.009571765272 10.009571765272 10.009571765272 10.009571765272
2068 10.1801746297694 10.1801746297694 10.1801746297694 10.1801746297694 10.1801746297694 10.1801746297694 10.1801746297694 10.1801746297694 10.1801746297694 10.1801746297694 10.1801746297694 10.1801746297694
2069 10.4017513200111 10.4017513200111 10.4017513200111 10.4017513200111 10.4017513200111 10.4017513200111 10.4017513200111 10.4017513200111 10.4017513200111 10.4017513200111 10.4017513200111 10.4017513200111
2070 9.81006224063097 9.81006224063097 9.81006224063097 9.81006224063097 9.81006224063097 9.81006224063097 9.81006224063097 9.81006224063097 9.81006224063097 9.81006224063097 9.81006224063097 9.81006224063097
2071 10.6606429602374 10.6606429602374 10.6606429602374 10.6606429602374 10.6606429602374 10.6606429602374 10.6606429602374 10.6606429602374 10.6606429602374 10.6606429602374 10.6606429602374 10.6606429602374
2072 10.3274869537036 10.3274869537036 10.3274869537036 10.3274869537036 10.3274869537036 10.3274869537036 10.3274869537036 10.3274869537036 10.3274869537036 10.3274869537036 10.3274869537036 10.3274869537036
2073 9.91956902943263 9.91956902943263 9.91956902943263 9.91956902943263 9.91956902943263 9.91956902943263 9.91956902943263 9.91956902943263 9.91956902943263 9.91956902943263 9.91956902943263 9.91956902943263
2074 10.0312970829323 10.0312970829323 10.0312970829323 10.0312970829323 10.0312970829323 10.0312970829323 10.0312970829323 10.0312970829323 10.0312970829323 10.0312970829323 10.0312970829323 10.0312970829323
2075 9.20165305853116 9.20165305853116 9.20165305853116 9.20165305853116 9.20165305853116 9.20165305853116 9.20165305853116 9.20165305853116 9.20165305853116 9.20165305853116 9.20165305853116 9.20165305853116
2076 10.3196627900902 10.3196627900902 10.3196627900902 10.3196627900902 10.3196627900902 10.3196627900902 10.3196627900902 10.3196627900902 10.3196627900902 10.3196627900902 10.3196627900902 10.3196627900902
2077 10.1048073914125 10.1048073914125 10.1048073914125 10.1048073914125 10.1048073914125 10.1048073914125 10.1048073914125 10.1048073914125 10.1048073914125 10.1048073914125 10.1048073914125 10.1048073914125
2078 10.1359391648018 10.1359391648018 10.1359391648018 10.1359391648018 10.1359391648018 10.1359391648018 10.1359391648018 10.1359391648018 10.1359391648018 10.1359391648018 10.1359391648018 10.1359391648018
2079 10.2291559967458 10.2291559967458 10.2291559967458 10.2291559967458 10.2291559967458 10.2291559967458 10.2291559967458 10.2291559967458 10.2291559967458 10.2291559967458 10.2291559967458 10.2291559967458
2080 9.97331265372791 9.97331265372791 9.97331265372791 9.97331265372791 9.97331265372791 9.97331265372791 9.97331265372791 9.97331265372791 9.97331265372791 9.97331265372791 9.97331265372791 9.97331265372791
2081 10.5477547235304 10.5477547235304 10.5477547235304 10.5477547235304 10.5477547235304 10.5477547235304 10.5477547235304 10.5477547235304 10.5477547235304 10.5477547235304 10.5477547235304 10.5477547235304
2082 10.3235283519685 10.3235283519685 10.3235283519685 10.3235283519685 10.3235283519685 10.3235283519685 10.3235283519685 10.3235283519685 10.3235283519685 10.3235283519685 10.3235283519685 10.3235283519685
2083 10.0885324449743 10.0885324449743 10.0885324449743 10.0885324449743 10.0885324449743 10.0885324449743 10.0885324449743 10.0885324449743 10.0885324449743 10.0885324449743 10.0885324449743 10.0885324449743
2084 10.7231560866047 10.7231560866047 10.7231560866047 10.7231560866047 10.7231560866047 10.7231560866047 10.7231560866047 10.7231560866047 10.7231560866047 10.7231560866047 10.7231560866047 10.7231560866047
2085 10.8135706919897 10.8135706919897 10.8135706919897 10.8135706919897 10.8135706919897 10.8135706919897 10.8135706919897 10.8135706919897 10.8135706919897 10.8135706919897 10.8135706919897 10.8135706919897
2086 10.2354643900675 10.2354643900675 10.2354643900675 10.2354643900675 10.2354643900675 10.2354643900675 10.2354643900675 10.2354643900675 10.2354643900675 10.2354643900675 10.2354643900675 10.2354643900675
2087 10.7591713022086 10.7591713022086 10.7591713022086 10.7591713022086 10.7591713022086 10.7591713022086 10.7591713022086 10.7591713022086 10.7591713022086 10.7591713022086 10.7591713022086 10.7591713022086
2088 10.8329370842406 10.8329370842406 10.8329370842406 10.8329370842406 10.8329370842406 10.8329370842406 10.8329370842406 10.8329370842406 10.8329370842406 10.8329370842406 10.8329370842406 10.8329370842406
2089 10.7620444356045 10.7620444356045 10.7620444356045 10.7620444356045 10.7620444356045 10.7620444356045 10.7620444356045 10.7620444356045 10.7620444356045 10.7620444356045 10.7620444356045 10.7620444356045
2090 10.8897719637543 10.8897719637543 10.8897719637543 10.8897719637543 10.8897719637543 10.8897719637543 10.8897719637543 10.8897719637543 10.8897719637543 10.8897719637543 10.8897719637543 10.8897719637543
2091 10.0888522163617 10.0888522163617 10.0888522163617 10.0888522163617 10.0888522163617 10.0888522163617 10.0888522163617 10.0888522163617 10.0888522163617 10.0888522163617 10.0888522163617 10.0888522163617
2092 10.7784553963638 10.7784553963638 10.7784553963638 10.7784553963638 10.7784553963638 10.7784553963638 10.7784553963638 10.7784553963638 10.7784553963638 10.7784553963638 10.7784553963638 10.7784553963638
2093 11.2641702955985 11.2641702955985 11.2641702955985 11.2641702955985 11.2641702955985 11.2641702955985 11.2641702955985 11.2641702955985 11.2641702955985 11.2641702955985 11.2641702955985 11.2641702955985
2094 11.0570874566142 11.0570874566142 11.0570874566142 11.0570874566142 11.0570874566142 11.0570874566142 11.0570874566142 11.0570874566142 11.0570874566142 11.0570874566142 11.0570874566142 11.0570874566142
2095 11.040225970168 11.040225970168 11.040225970168 11.040225970168 11.040225970168 11.040225970168 11.040225970168 11.040225970168 11.040225970168 11.040225970168 11.040225970168 11.040225970168
2096 11.1204019067266 11.1204019067266 11.1204019067266 11.1204019067266 11.1204019067266 11.1204019067266 11.1204019067266 11.1204019067266 11.1204019067266 11.1204019067266 11.1204019067266 11.1204019067266
2097 11.3046752065384 11.3046752065384 11.3046752065384 11.3046752065384 11.3046752065384 11.3046752065384 11.3046752065384 11.3046752065384 11.3046752065384 11.3046752065384 11.3046752065384 11.3046752065384
2098 11.2592748542583 11.2592748542583 11.2592748542583 11.2592748542583 11.2592748542583 11.2592748542583 11.2592748542583 11.2592748542583 11.2592748542583 11.2592748542583 11.2592748542583 11.2592748542583
2099 11.3578190446458 11.3578190446458 11.3578190446458 11.3578190446458 11.3578190446458 11.3578190446458 11.3578190446458 11.3578190446458 11.3578190446458 11.3578190446458 11.3578190446458 11.3578190446458
2100 11.1733975701093 11.1733975701093 11.1733975701093 11.1733975701093 11.1733975701093 11.1733975701093 11.1733975701093 11.1733975701093 11.1733975701093 11.1733975701093 11.1733975701093 11.1733975701093
