Sprat Sandeel N.pout Herring Dab Whiting Sole Gurnard Plaice Haddock Cod Saithe
2015 8.886249814758 8.886249814758 8.886249814758 8.886249814758 8.886249814758 8.886249814758 8.886249814758 8.886249814758 8.886249814758 8.886249814758 8.886249814758 8.886249814758
2016 7.65311310701486 7.65311310701486 7.65311310701486 7.65311310701486 7.65311310701486 7.65311310701486 7.65311310701486 7.65311310701486 7.65311310701486 7.65311310701486 7.65311310701486 7.65311310701486
2017 8.75418329884721 8.75418329884721 8.75418329884721 8.75418329884721 8.75418329884721 8.75418329884721 8.75418329884721 8.75418329884721 8.75418329884721 8.75418329884721 8.75418329884721 8.75418329884721
2018 8.86652918295658 8.86652918295658 8.86652918295658 8.86652918295658 8.86652918295658 8.86652918295658 8.86652918295658 8.86652918295658 8.86652918295658 8.86652918295658 8.86652918295658 8.86652918295658
2019 8.38469228500859 8.38469228500859 8.38469228500859 8.38469228500859 8.38469228500859 8.38469228500859 8.38469228500859 8.38469228500859 8.38469228500859 8.38469228500859 8.38469228500859 8.38469228500859
2020 9.52324346080999 9.52324346080999 9.52324346080999 9.52324346080999 9.52324346080999 9.52324346080999 9.52324346080999 9.52324346080999 9.52324346080999 9.52324346080999 9.52324346080999 9.52324346080999
2021 9.10261384794578 9.10261384794578 9.10261384794578 9.10261384794578 9.10261384794578 9.10261384794578 9.10261384794578 9.10261384794578 9.10261384794578 9.10261384794578 9.10261384794578 9.10261384794578
2022 9.49844623296067 9.49844623296067 9.49844623296067 9.49844623296067 9.49844623296067 9.49844623296067 9.49844623296067 9.49844623296067 9.49844623296067 9.49844623296067 9.49844623296067 9.49844623296067
2023 9.42880625733524 9.42880625733524 9.42880625733524 9.42880625733524 9.42880625733524 9.42880625733524 9.42880625733524 9.42880625733524 9.42880625733524 9.42880625733524 9.42880625733524 9.42880625733524
2024 8.82065606749036 8.82065606749036 8.82065606749036 8.82065606749036 8.82065606749036 8.82065606749036 8.82065606749036 8.82065606749036 8.82065606749036 8.82065606749036 8.82065606749036 8.82065606749036
2025 8.61073782802595 8.61073782802595 8.61073782802595 8.61073782802595 8.61073782802595 8.61073782802595 8.61073782802595 8.61073782802595 8.61073782802595 8.61073782802595 8.61073782802595 8.61073782802595
2026 9.01195151008675 9.01195151008675 9.01195151008675 9.01195151008675 9.01195151008675 9.01195151008675 9.01195151008675 9.01195151008675 9.01195151008675 9.01195151008675 9.01195151008675 9.01195151008675
2027 9.24916412128144 9.24916412128144 9.24916412128144 9.24916412128144 9.24916412128144 9.24916412128144 9.24916412128144 9.24916412128144 9.24916412128144 9.24916412128144 9.24916412128144 9.24916412128144
2028 8.80087156262016 8.80087156262016 8.80087156262016 8.80087156262016 8.80087156262016 8.80087156262016 8.80087156262016 8.80087156262016 8.80087156262016 8.80087156262016 8.80087156262016 8.80087156262016
2029 8.99823956813365 8.99823956813365 8.99823956813365 8.99823956813365 8.99823956813365 8.99823956813365 8.99823956813365 8.99823956813365 8.99823956813365 8.99823956813365 8.99823956813365 8.99823956813365
2030 9.09455399020183 9.09455399020183 9.09455399020183 9.09455399020183 9.09455399020183 9.09455399020183 9.09455399020183 9.09455399020183 9.09455399020183 9.09455399020183 9.09455399020183 9.09455399020183
2031 9.23461206027326 9.23461206027326 9.23461206027326 9.23461206027326 9.23461206027326 9.23461206027326 9.23461206027326 9.23461206027326 9.23461206027326 9.23461206027326 9.23461206027326 9.23461206027326
2032 9.20548296740704 9.20548296740704 9.20548296740704 9.20548296740704 9.20548296740704 9.20548296740704 9.20548296740704 9.20548296740704 9.20548296740704 9.20548296740704 9.20548296740704 9.20548296740704
2033 8.79344194503652 8.79344194503652 8.79344194503652 8.79344194503652 8.79344194503652 8.79344194503652 8.79344194503652 8.79344194503652 8.79344194503652 8.79344194503652 8.79344194503652 8.79344194503652
2034 8.93871716643707 8.93871716643707 8.93871716643707 8.93871716643707 8.93871716643707 8.93871716643707 8.93871716643707 8.93871716643707 8.93871716643707 8.93871716643707 8.93871716643707 8.93871716643707
2035 9.30889352523501 9.30889352523501 9.30889352523501 9.30889352523501 9.30889352523501 9.30889352523501 9.30889352523501 9.30889352523501 9.30889352523501 9.30889352523501 9.30889352523501 9.30889352523501
2036 9.81936605755378 9.81936605755378 9.81936605755378 9.81936605755378 9.81936605755378 9.81936605755378 9.81936605755378 9.81936605755378 9.81936605755378 9.81936605755378 9.81936605755378 9.81936605755378
2037 10.0348045641671 10.0348045641671 10.0348045641671 10.0348045641671 10.0348045641671 10.0348045641671 10.0348045641671 10.0348045641671 10.0348045641671 10.0348045641671 10.0348045641671 10.0348045641671
2038 9.4862121218078 9.4862121218078 9.4862121218078 9.4862121218078 9.4862121218078 9.4862121218078 9.4862121218078 9.4862121218078 9.4862121218078 9.4862121218078 9.4862121218078 9.4862121218078
2039 9.11705553700228 9.11705553700228 9.11705553700228 9.11705553700228 9.11705553700228 9.11705553700228 9.11705553700228 9.11705553700228 9.11705553700228 9.11705553700228 9.11705553700228 9.11705553700228
2040 9.48230565498494 9.48230565498494 9.48230565498494 9.48230565498494 9.48230565498494 9.48230565498494 9.48230565498494 9.48230565498494 9.48230565498494 9.48230565498494 9.48230565498494 9.48230565498494
2041 9.53799535993744 9.53799535993744 9.53799535993744 9.53799535993744 9.53799535993744 9.53799535993744 9.53799535993744 9.53799535993744 9.53799535993744 9.53799535993744 9.53799535993744 9.53799535993744
2042 9.22961458320871 9.22961458320871 9.22961458320871 9.22961458320871 9.22961458320871 9.22961458320871 9.22961458320871 9.22961458320871 9.22961458320871 9.22961458320871 9.22961458320871 9.22961458320871
2043 9.82827797214936 9.82827797214936 9.82827797214936 9.82827797214936 9.82827797214936 9.82827797214936 9.82827797214936 9.82827797214936 9.82827797214936 9.82827797214936 9.82827797214936 9.82827797214936
2044 9.42555705338918 9.42555705338918 9.42555705338918 9.42555705338918 9.42555705338918 9.42555705338918 9.42555705338918 9.42555705338918 9.42555705338918 9.42555705338918 9.42555705338918 9.42555705338918
2045 9.59173281976886 9.59173281976886 9.59173281976886 9.59173281976886 9.59173281976886 9.59173281976886 9.59173281976886 9.59173281976886 9.59173281976886 9.59173281976886 9.59173281976886 9.59173281976886
2046 9.64923439808123 9.64923439808123 9.64923439808123 9.64923439808123 9.64923439808123 9.64923439808123 9.64923439808123 9.64923439808123 9.64923439808123 9.64923439808123 9.64923439808123 9.64923439808123
2047 9.73754525942907 9.73754525942907 9.73754525942907 9.73754525942907 9.73754525942907 9.73754525942907 9.73754525942907 9.73754525942907 9.73754525942907 9.73754525942907 9.73754525942907 9.73754525942907
2048 9.76314301376454 9.76314301376454 9.76314301376454 9.76314301376454 9.76314301376454 9.76314301376454 9.76314301376454 9.76314301376454 9.76314301376454 9.76314301376454 9.76314301376454 9.76314301376454
2049 9.66540678827998 9.66540678827998 9.66540678827998 9.66540678827998 9.66540678827998 9.66540678827998 9.66540678827998 9.66540678827998 9.66540678827998 9.66540678827998 9.66540678827998 9.66540678827998
2050 9.87012435829183 9.87012435829183 9.87012435829183 9.87012435829183 9.87012435829183 9.87012435829183 9.87012435829183 9.87012435829183 9.87012435829183 9.87012435829183 9.87012435829183 9.87012435829183
2051 9.83645773726013 9.83645773726013 9.83645773726013 9.83645773726013 9.83645773726013 9.83645773726013 9.83645773726013 9.83645773726013 9.83645773726013 9.83645773726013 9.83645773726013 9.83645773726013
2052 9.77420437796239 9.77420437796239 9.77420437796239 9.77420437796239 9.77420437796239 9.77420437796239 9.77420437796239 9.77420437796239 9.77420437796239 9.77420437796239 9.77420437796239 9.77420437796239
2053 9.93391536408952 9.93391536408952 9.93391536408952 9.93391536408952 9.93391536408952 9.93391536408952 9.93391536408952 9.93391536408952 9.93391536408952 9.93391536408952 9.93391536408952 9.93391536408952
2054 9.67047950611858 9.67047950611858 9.67047950611858 9.67047950611858 9.67047950611858 9.67047950611858 9.67047950611858 9.67047950611858 9.67047950611858 9.67047950611858 9.67047950611858 9.67047950611858
2055 9.92334037588707 9.92334037588707 9.92334037588707 9.92334037588707 9.92334037588707 9.92334037588707 9.92334037588707 9.92334037588707 9.92334037588707 9.92334037588707 9.92334037588707 9.92334037588707
2056 9.49787938202512 9.49787938202512 9.49787938202512 9.49787938202512 9.49787938202512 9.49787938202512 9.49787938202512 9.49787938202512 9.49787938202512 9.49787938202512 9.49787938202512 9.49787938202512
2057 9.91428958354071 9.91428958354071 9.91428958354071 9.91428958354071 9.91428958354071 9.91428958354071 9.91428958354071 9.91428958354071 9.91428958354071 9.91428958354071 9.91428958354071 9.91428958354071
2058 9.51988920888817 9.51988920888817 9.51988920888817 9.51988920888817 9.51988920888817 9.51988920888817 9.51988920888817 9.51988920888817 9.51988920888817 9.51988920888817 9.51988920888817 9.51988920888817
2059 10.3105943253629 10.3105943253629 10.3105943253629 10.3105943253629 10.3105943253629 10.3105943253629 10.3105943253629 10.3105943253629 10.3105943253629 10.3105943253629 10.3105943253629 10.3105943253629
2060 10.4571347785614 10.4571347785614 10.4571347785614 10.4571347785614 10.4571347785614 10.4571347785614 10.4571347785614 10.4571347785614 10.4571347785614 10.4571347785614 10.4571347785614 10.4571347785614
2061 9.5959115045731 9.5959115045731 9.5959115045731 9.5959115045731 9.5959115045731 9.5959115045731 9.5959115045731 9.5959115045731 9.5959115045731 9.5959115045731 9.5959115045731 9.5959115045731
2062 10.0892347043404 10.0892347043404 10.0892347043404 10.0892347043404 10.0892347043404 10.0892347043404 10.0892347043404 10.0892347043404 10.0892347043404 10.0892347043404 10.0892347043404 10.0892347043404
2063 10.5771888670967 10.5771888670967 10.5771888670967 10.5771888670967 10.5771888670967 10.5771888670967 10.5771888670967 10.5771888670967 10.5771888670967 10.5771888670967 10.5771888670967 10.5771888670967
2064 9.48340631561815 9.48340631561815 9.48340631561815 9.48340631561815 9.48340631561815 9.48340631561815 9.48340631561815 9.48340631561815 9.48340631561815 9.48340631561815 9.48340631561815 9.48340631561815
2065 10.2359670076942 10.2359670076942 10.2359670076942 10.2359670076942 10.2359670076942 10.2359670076942 10.2359670076942 10.2359670076942 10.2359670076942 10.2359670076942 10.2359670076942 10.2359670076942
2066 10.1210865019589 10.1210865019589 10.1210865019589 10.1210865019589 10.1210865019589 10.1210865019589 10.1210865019589 10.1210865019589 10.1210865019589 10.1210865019589 10.1210865019589 10.1210865019589
2067 10.009571765272 10.009571765272 10.009571765272 10.009571765272 10.009571765272 10.009571765272 10.009571765272 10.009571765272 10.009571765272 10.009571765272 10.009571765272 10.009571765272
2068 10.1801746297694 10.1801746297694 10.1801746297694 10.1801746297694 10.1801746297694 10.1801746297694 10.1801746297694 10.1801746297694 10.1801746297694 10.1801746297694 10.1801746297694 10.1801746297694
2069 10.4017513200111 10.4017513200111 10.4017513200111 10.4017513200111 10.4017513200111 10.4017513200111 10.4017513200111 10.4017513200111 10.4017513200111 10.4017513200111 10.4017513200111 10.4017513200111
2070 9.81006224063097 9.81006224063097 9.81006224063097 9.81006224063097 9.81006224063097 9.81006224063097 9.81006224063097 9.81006224063097 9.81006224063097 9.81006224063097 9.81006224063097 9.81006224063097
2071 10.6606429602374 10.6606429602374 10.6606429602374 10.6606429602374 10.6606429602374 10.6606429602374 10.6606429602374 10.6606429602374 10.6606429602374 10.6606429602374 10.6606429602374 10.6606429602374
2072 10.3274869537036 10.3274869537036 10.3274869537036 10.3274869537036 10.3274869537036 10.3274869537036 10.3274869537036 10.3274869537036 10.3274869537036 10.3274869537036 10.3274869537036 10.3274869537036
2073 9.91956902943263 9.91956902943263 9.91956902943263 9.91956902943263 9.91956902943263 9.91956902943263 9.91956902943263 9.91956902943263 9.91956902943263 9.91956902943263 9.91956902943263 9.91956902943263
2074 10.0312970829323 10.0312970829323 10.0312970829323 10.0312970829323 10.0312970829323 10.0312970829323 10.0312970829323 10.0312970829323 10.0312970829323 10.0312970829323 10.0312970829323 10.0312970829323
2075 9.20165305853116 9.20165305853116 9.20165305853116 9.20165305853116 9.20165305853116 9.20165305853116 9.20165305853116 9.20165305853116 9.20165305853116 9.20165305853116 9.20165305853116 9.20165305853116
2076 10.3196627900902 10.3196627900902 10.3196627900902 10.3196627900902 10.3196627900902 10.3196627900902 10.3196627900902 10.3196627900902 10.3196627900902 10.3196627900902 10.3196627900902 10.3196627900902
2077 10.1048073914125 10.1048073914125 10.1048073914125 10.1048073914125 10.1048073914125 10.1048073914125 10.1048073914125 10.1048073914125 10.1048073914125 10.1048073914125 10.1048073914125 10.1048073914125
2078 10.1359391648018 10.1359391648018 10.1359391648018 10.1359391648018 10.1359391648018 10.1359391648018 10.1359391648018 10.1359391648018 10.1359391648018 10.1359391648018 10.1359391648018 10.1359391648018
2079 10.2291559967458 10.2291559967458 10.2291559967458 10.2291559967458 10.2291559967458 10.2291559967458 10.2291559967458 10.2291559967458 10.2291559967458 10.2291559967458 10.2291559967458 10.2291559967458
2080 9.97331265372791 9.97331265372791 9.97331265372791 9.97331265372791 9.97331265372791 9.97331265372791 9.97331265372791 9.97331265372791 9.97331265372791 9.97331265372791 9.97331265372791 9.97331265372791
2081 10.5477547235304 10.5477547235304 10.5477547235304 10.5477547235304 10.5477547235304 10.5477547235304 10.5477547235304 10.5477547235304 10.5477547235304 10.5477547235304 10.5477547235304 10.5477547235304
2082 10.3235283519685 10.3235283519685 10.3235283519685 10.3235283519685 10.3235283519685 10.3235283519685 10.3235283519685 10.3235283519685 10.3235283519685 10.3235283519685 10.3235283519685 10.3235283519685
2083 10.0885324449743 10.0885324449743 10.0885324449743 10.0885324449743 10.0885324449743 10.0885324449743 10.0885324449743 10.0885324449743 10.0885324449743 10.0885324449743 10.0885324449743 10.0885324449743
2084 10.7231560866047 10.7231560866047 10.7231560866047 10.7231560866047 10.7231560866047 10.7231560866047 10.7231560866047 10.7231560866047 10.7231560866047 10.7231560866047 10.7231560866047 10.7231560866047
2085 10.8135706919897 10.8135706919897 10.8135706919897 10.8135706919897 10.8135706919897 10.8135706919897 10.8135706919897 10.8135706919897 10.8135706919897 10.8135706919897 10.8135706919897 10.8135706919897
2086 10.2354643900675 10.2354643900675 10.2354643900675 10.2354643900675 10.2354643900675 10.2354643900675 10.2354643900675 10.2354643900675 10.2354643900675 10.2354643900675 10.2354643900675 10.2354643900675
2087 10.7591713022086 10.7591713022086 10.7591713022086 10.7591713022086 10.7591713022086 10.7591713022086 10.7591713022086 10.7591713022086 10.7591713022086 10.7591713022086 10.7591713022086 10.7591713022086
2088 10.8329370842406 10.8329370842406 10.8329370842406 10.8329370842406 10.8329370842406 10.8329370842406 10.8329370842406 10.8329370842406 10.8329370842406 10.8329370842406 10.8329370842406 10.8329370842406
2089 10.7620444356045 10.7620444356045 10.7620444356045 10.7620444356045 10.7620444356045 10.7620444356045 10.7620444356045 10.7620444356045 10.7620444356045 10.7620444356045 10.7620444356045 10.7620444356045
2090 10.8897719637543 10.8897719637543 10.8897719637543 10.8897719637543 10.8897719637543 10.8897719637543 10.8897719637543 10.8897719637543 10.8897719637543 10.8897719637543 10.8897719637543 10.8897719637543
2091 10.0888522163617 10.0888522163617 10.0888522163617 10.0888522163617 10.0888522163617 10.0888522163617 10.0888522163617 10.0888522163617 10.0888522163617 10.0888522163617 10.0888522163617 10.0888522163617
2092 10.7784553963638 10.7784553963638 10.7784553963638 10.7784553963638 10.7784553963638 10.7784553963638 10.7784553963638 10.7784553963638 10.7784553963638 10.7784553963638 10.7784553963638 10.7784553963638
2093 11.2641702955985 11.2641702955985 11.2641702955985 11.2641702955985 11.2641702955985 11.2641702955985 11.2641702955985 11.2641702955985 11.2641702955985 11.2641702955985 11.2641702955985 11.2641702955985
2094 11.0570874566142 11.0570874566142 11.0570874566142 11.0570874566142 11.0570874566142 11.0570874566142 11.0570874566142 11.0570874566142 11.0570874566142 11.0570874566142 11.0570874566142 11.0570874566142
2095 11.040225970168 11.040225970168 11.040225970168 11.040225970168 11.040225970168 11.040225970168 11.040225970168 11.040225970168 11.040225970168 11.040225970168 11.040225970168 11.040225970168
2096 11.1204019067266 11.1204019067266 11.1204019067266 11.1204019067266 11.1204019067266 11.1204019067266 11.1204019067266 11.1204019067266 11.1204019067266 11.1204019067266 11.1204019067266 11.1204019067266
2097 11.3046752065384 11.3046752065384 11.3046752065384 11.3046752065384 11.3046752065384 11.3046752065384 11.3046752065384 11.3046752065384 11.3046752065384 11.3046752065384 11.3046752065384 11.3046752065384
2098 11.2592748542583 11.2592748542583 11.2592748542583 11.2592748542583 11.2592748542583 11.2592748542583 11.2592748542583 11.2592748542583 11.2592748542583 11.2592748542583 11.2592748542583 11.2592748542583
2099 11.3578190446458 11.3578190446458 11.3578190446458 11.3578190446458 11.3578190446458 11.3578190446458 11.3578190446458 11.3578190446458 11.3578190446458 11.3578190446458 11.3578190446458 11.3578190446458
2100 11.1733975701093 11.1733975701093 11.1733975701093 11.1733975701093 11.1733975701093 11.1733975701093 11.1733975701093 11.1733975701093 11.1733975701093 11.1733975701093 11.1733975701093 11.1733975701093
